7.01775 0.0218269 
-0.68136 0.0175984 
-0.082967 0.957087 
0.439405 -9.33464 
-3.87851 -6.29932 
-3.73355 -8.89968 
1.99105 -3.42503 
4.07476 -7.0599 
6.47715 7.04074 
-8.88283 2.23102 
0.704376 8.21173 
-0.933829 7.13493 
0.589484 4.53224 
-4.85815 -4.26571 
4.42782 3.12372 
-0.924041 -4.27683 
-4.01546 -1.08283 
5.4919 -3.11066 
-9.20527 3.78608 
-1.37925 4.95961 
3.41908 5.96674 
2.18131 0.923739 
8.53319 -1.8528 
4.79891 -7.95736 
7.26945 -5.64226 
1.66987 -3.87913 
-3.0975 3.02824 
-1.73042 -3.91771 
-1.08612 2.12985 
-6.50183 1.49098 
-4.15122 1.95019 
-3.04999 -4.16632 
5.56831 2.32749 
-6.96841 4.67827 
-2.93728 0.0886687 
-8.19775 -4.85927 
0.821811 1.49807 
4.93076 4.6911 
-0.565796 -9.03126 
-4.3634 0.786716 
-0.548352 2.32165 
1.08065 3.25492 
-6.87449 -0.762893 
-1.1166 1.21457 
6.77723 -6.93942 
8.13919 1.23007 
2.96457 -0.703215 
-0.849657 -1.69426 
4.06293 6.26453 
-7.46634 0.5998 
-3.55356 5.42216 
1.84533 8.02316 
-6.60045 -3.36672 
-8.09407 4.93089 
-8.62253 4.98006 
1.79946 5.05862 
-2.2055 -8.23756 
7.17866 2.21196 
0.273269 7.79947 
-1.07733 5.3943 
-1.18927 -2.14271 
4.30756 -4.67722 
-0.0446773 2.61812 
-1.58737 -3.01398 
6.08094 -1.37997 
7.42738 -4.28899 
-6.4744 3.49915 
4.29119 8.65108 
-0.261483 8.96242 
-3.06618 -3.20227 
0.47614 -5.5099 
2.40224 4.07759 
-2.42298 9.27696 
7.49469 6.51973 
-2.65026 -2.09844 
7.74134 -2.85168 
-3.32929 4.46652 
-0.559235 -3.32644 
-7.87294 2.45433 
8.05802 0.592952 
-2.37509 4.49455 
7.9527 0.0248234 
-5.6557 5.07885 
3.7941 6.69282 
-2.02348 -9.33208 
3.21331 8.4779 
0.376252 -8.39386 
-2.35921 -1.40033 
-5.73285 -3.37864 
8.93562 2.67009 
3.19865 -1.35548 
3.80362 -3.64941 
9.52826 0.668435 
3.16841 5.1541 
4.8813 3.44336 
-1.02333 -9.48597 
4.46793 -0.685584 
-2.89348 6.13062 
-8.33822 -2.47993 
-0.118389 -1.28919 
2.88094 -9.01707 
-4.76979 1.2494 
-2.90107 -7.36701 
-0.854814 -5.70529 
0.0126738 -3.58447 
-1.02026 -7.78021 
7.67652 -3.61058 
5.38649 6.67669 
-5.65759 -5.58887 
-3.15092 0.987505 
4.38141 -3.28117 
-0.65054 -1.12907 
2.49149 3.30253 
8.36543 -3.15615 
-8.64101 1.48646 
-2.13631 -0.58959 
3.73963 5.47081 
-4.54606 3.26379 
-8.81682 -1.71305 
4.29046 -1.41685 
-0.875441 4.23687 
-5.77267 0.519694 
-7.05746 -1.96072 
-1.4379 -1.1506 
-1.60387 4.42825 
9.11864 3.91541 
5.16693 7.18123 
-7.19332 -6.77145
-1.51603 -6.66687 
6.82589 -0.543747 
-4.12125 5.54754 
7.4619 -1.99058 
-0.239226 -6.65667 
-3.49715 -5.02301 
-2.89456 -6.12454 
-7.6928 -0.119314 
8.82759 0.895084 
-1.80387 5.35984 
3.02931 -2.35202 
1.35829 -1.4522 
-0.931739 0.738918 
-7.4484 -0.845708 
-5.92797 2.57504 
0.510422 -3.40071 
0.409229 -2.03558 
6.74519 4.52099 
8.24225 4.3903 
-7.28519 5.51783 
1.21907 -7.33085 
-8.29469 -0.0993288 
5.96109 -3.96726 
6.37083 5.17786 
-7.45619 6.28371 
-2.33105 -4.49357 
3.5988 -2.89198 
-4.12575 -0.543852 
-6.61423 -5.69643 
-5.1385 1.92457 
2.02179 9.41218 
-4.32334 -7.49596 
-1.08308 -4.7636 
-5.91435 -4.63549 
-3.69631 3.85544 
5.05373 -2.30243 
0.287784 -6.72234 
2.99097 0.761924 
-5.16907 2.57097 
2.63929 -9.53316 
1.57715 6.17778 
3.362 3.41516 
-4.09582 0.108114 
-6.64123 7.43327 
5.98424 -4.95065 
8.411 -0.295746 
5.24181 -1.41501 
0.393596 5.04032 
3.8916 -2.19266 
9.87897 0.102233 
-9.29479 0.479596 
2.56518 9.65285 
-1.3364 6.64717 
7.61425 4.33756 
1.20417 -5.26625 
-1.84612 -8.60369 
6.58179 -5.05404 
-0.450355 -2.52913 
5.80163 -2.39282 
4.37547 0.536093 
-9.08043 0.990369 
-5.64194 -0.988629 
-1.37697 9.04331 
0.232343 9.3158 
0.94089 2.44969 
-7.35753 1.87656 
-5.36185 0.839698 
-8.66018 -3.71384 
0.0997953 -4.77968 
-4.91576 -5.02416 
-0.768758 6.42064 
-4.2764 -3.41865 
1.72556 -7.44333 
8.64621 4.7338 
-8.61769 -0.662264 
1.61312 -2.77949 
-3.53304 7.43872 
-5.08131 5.18202 
3.49087 -5.11626 
2.89372 -7.45037 
3.29848 2.15107 
1.57161 3.46481 
3.80111 -7.69694 
-8.19327 -4.16779 
3.80904 0.895525